{
 "cells": [
  {
   "cell_type": "code",
   "execution_count": 23,
   "id": "9f4b5aa2-04df-48eb-9045-235d171f62c8",
   "metadata": {},
   "outputs": [],
   "source": [
    "import pandas as pd\n",
    "import numpy as np\n",
    "import xgboost as xgb\n",
    "from sklearn.preprocessing import StandardScaler\n",
    "from sklearn.model_selection import train_test_split\n",
    "from sklearn.linear_model import LogisticRegression\n",
    "from sklearn.datasets import make_classification\n",
    "from sklearn.metrics import accuracy_score, classification_report\n",
    "from sklearn.preprocessing import LabelEncoder\n",
    "from sklearn.model_selection import cross_val_score, KFold"
   ]
  },
  {
   "cell_type": "code",
   "execution_count": 12,
   "id": "24f1ae01-2043-4dd8-8528-c2b2935995e5",
   "metadata": {},
   "outputs": [
    {
     "data": {
      "text/html": [
       "<div>\n",
       "<style scoped>\n",
       "    .dataframe tbody tr th:only-of-type {\n",
       "        vertical-align: middle;\n",
       "    }\n",
       "\n",
       "    .dataframe tbody tr th {\n",
       "        vertical-align: top;\n",
       "    }\n",
       "\n",
       "    .dataframe thead th {\n",
       "        text-align: right;\n",
       "    }\n",
       "</style>\n",
       "<table border=\"1\" class=\"dataframe\">\n",
       "  <thead>\n",
       "    <tr style=\"text-align: right;\">\n",
       "      <th></th>\n",
       "      <th>HomePlanet</th>\n",
       "      <th>CryoSleep</th>\n",
       "      <th>Cabin</th>\n",
       "      <th>Destination</th>\n",
       "      <th>Age</th>\n",
       "      <th>VIP</th>\n",
       "      <th>RoomService</th>\n",
       "      <th>FoodCourt</th>\n",
       "      <th>ShoppingMall</th>\n",
       "      <th>Spa</th>\n",
       "      <th>VRDeck</th>\n",
       "      <th>Transported</th>\n",
       "    </tr>\n",
       "  </thead>\n",
       "  <tbody>\n",
       "    <tr>\n",
       "      <th>HomePlanet</th>\n",
       "      <td>1.000000</td>\n",
       "      <td>-0.037065</td>\n",
       "      <td>-0.004802</td>\n",
       "      <td>-0.212843</td>\n",
       "      <td>-0.120503</td>\n",
       "      <td>-0.053798</td>\n",
       "      <td>0.178878</td>\n",
       "      <td>-0.279357</td>\n",
       "      <td>0.077910</td>\n",
       "      <td>-0.203228</td>\n",
       "      <td>-0.228913</td>\n",
       "      <td>-0.094689</td>\n",
       "    </tr>\n",
       "    <tr>\n",
       "      <th>CryoSleep</th>\n",
       "      <td>-0.037065</td>\n",
       "      <td>1.000000</td>\n",
       "      <td>-0.013912</td>\n",
       "      <td>0.090537</td>\n",
       "      <td>-0.062649</td>\n",
       "      <td>-0.050223</td>\n",
       "      <td>-0.226037</td>\n",
       "      <td>-0.191130</td>\n",
       "      <td>-0.190339</td>\n",
       "      <td>-0.182918</td>\n",
       "      <td>-0.179129</td>\n",
       "      <td>0.424362</td>\n",
       "    </tr>\n",
       "    <tr>\n",
       "      <th>Cabin</th>\n",
       "      <td>-0.004802</td>\n",
       "      <td>-0.013912</td>\n",
       "      <td>1.000000</td>\n",
       "      <td>-0.000167</td>\n",
       "      <td>-0.007797</td>\n",
       "      <td>0.001420</td>\n",
       "      <td>-0.003791</td>\n",
       "      <td>-0.009717</td>\n",
       "      <td>0.019949</td>\n",
       "      <td>-0.009816</td>\n",
       "      <td>0.015029</td>\n",
       "      <td>0.021866</td>\n",
       "    </tr>\n",
       "    <tr>\n",
       "      <th>Destination</th>\n",
       "      <td>-0.212843</td>\n",
       "      <td>0.090537</td>\n",
       "      <td>-0.000167</td>\n",
       "      <td>1.000000</td>\n",
       "      <td>0.004248</td>\n",
       "      <td>0.027978</td>\n",
       "      <td>-0.044733</td>\n",
       "      <td>0.110659</td>\n",
       "      <td>-0.022977</td>\n",
       "      <td>0.053614</td>\n",
       "      <td>0.073654</td>\n",
       "      <td>0.104817</td>\n",
       "    </tr>\n",
       "    <tr>\n",
       "      <th>Age</th>\n",
       "      <td>-0.120503</td>\n",
       "      <td>-0.062649</td>\n",
       "      <td>-0.007797</td>\n",
       "      <td>0.004248</td>\n",
       "      <td>1.000000</td>\n",
       "      <td>0.070953</td>\n",
       "      <td>0.068723</td>\n",
       "      <td>0.130421</td>\n",
       "      <td>0.033133</td>\n",
       "      <td>0.123970</td>\n",
       "      <td>0.101007</td>\n",
       "      <td>-0.075026</td>\n",
       "    </tr>\n",
       "    <tr>\n",
       "      <th>VIP</th>\n",
       "      <td>-0.053798</td>\n",
       "      <td>-0.050223</td>\n",
       "      <td>0.001420</td>\n",
       "      <td>0.027978</td>\n",
       "      <td>0.070953</td>\n",
       "      <td>1.000000</td>\n",
       "      <td>0.029853</td>\n",
       "      <td>0.089942</td>\n",
       "      <td>0.027081</td>\n",
       "      <td>0.048117</td>\n",
       "      <td>0.087033</td>\n",
       "      <td>-0.027802</td>\n",
       "    </tr>\n",
       "    <tr>\n",
       "      <th>RoomService</th>\n",
       "      <td>0.178878</td>\n",
       "      <td>-0.226037</td>\n",
       "      <td>-0.003791</td>\n",
       "      <td>-0.044733</td>\n",
       "      <td>0.068723</td>\n",
       "      <td>0.029853</td>\n",
       "      <td>1.000000</td>\n",
       "      <td>-0.015889</td>\n",
       "      <td>0.054480</td>\n",
       "      <td>0.010080</td>\n",
       "      <td>-0.019581</td>\n",
       "      <td>-0.244611</td>\n",
       "    </tr>\n",
       "    <tr>\n",
       "      <th>FoodCourt</th>\n",
       "      <td>-0.279357</td>\n",
       "      <td>-0.191130</td>\n",
       "      <td>-0.009717</td>\n",
       "      <td>0.110659</td>\n",
       "      <td>0.130421</td>\n",
       "      <td>0.089942</td>\n",
       "      <td>-0.015889</td>\n",
       "      <td>1.000000</td>\n",
       "      <td>-0.014228</td>\n",
       "      <td>0.221891</td>\n",
       "      <td>0.227995</td>\n",
       "      <td>0.046566</td>\n",
       "    </tr>\n",
       "    <tr>\n",
       "      <th>ShoppingMall</th>\n",
       "      <td>0.077910</td>\n",
       "      <td>-0.190339</td>\n",
       "      <td>0.019949</td>\n",
       "      <td>-0.022977</td>\n",
       "      <td>0.033133</td>\n",
       "      <td>0.027081</td>\n",
       "      <td>0.054480</td>\n",
       "      <td>-0.014228</td>\n",
       "      <td>1.000000</td>\n",
       "      <td>0.013879</td>\n",
       "      <td>-0.007322</td>\n",
       "      <td>0.010141</td>\n",
       "    </tr>\n",
       "    <tr>\n",
       "      <th>Spa</th>\n",
       "      <td>-0.203228</td>\n",
       "      <td>-0.182918</td>\n",
       "      <td>-0.009816</td>\n",
       "      <td>0.053614</td>\n",
       "      <td>0.123970</td>\n",
       "      <td>0.048117</td>\n",
       "      <td>0.010080</td>\n",
       "      <td>0.221891</td>\n",
       "      <td>0.013879</td>\n",
       "      <td>1.000000</td>\n",
       "      <td>0.153821</td>\n",
       "      <td>-0.221131</td>\n",
       "    </tr>\n",
       "    <tr>\n",
       "      <th>VRDeck</th>\n",
       "      <td>-0.228913</td>\n",
       "      <td>-0.179129</td>\n",
       "      <td>0.015029</td>\n",
       "      <td>0.073654</td>\n",
       "      <td>0.101007</td>\n",
       "      <td>0.087033</td>\n",
       "      <td>-0.019581</td>\n",
       "      <td>0.227995</td>\n",
       "      <td>-0.007322</td>\n",
       "      <td>0.153821</td>\n",
       "      <td>1.000000</td>\n",
       "      <td>-0.207075</td>\n",
       "    </tr>\n",
       "    <tr>\n",
       "      <th>Transported</th>\n",
       "      <td>-0.094689</td>\n",
       "      <td>0.424362</td>\n",
       "      <td>0.021866</td>\n",
       "      <td>0.104817</td>\n",
       "      <td>-0.075026</td>\n",
       "      <td>-0.027802</td>\n",
       "      <td>-0.244611</td>\n",
       "      <td>0.046566</td>\n",
       "      <td>0.010141</td>\n",
       "      <td>-0.221131</td>\n",
       "      <td>-0.207075</td>\n",
       "      <td>1.000000</td>\n",
       "    </tr>\n",
       "  </tbody>\n",
       "</table>\n",
       "</div>"
      ],
      "text/plain": [
       "              HomePlanet  CryoSleep     Cabin  Destination       Age  \\\n",
       "HomePlanet      1.000000  -0.037065 -0.004802    -0.212843 -0.120503   \n",
       "CryoSleep      -0.037065   1.000000 -0.013912     0.090537 -0.062649   \n",
       "Cabin          -0.004802  -0.013912  1.000000    -0.000167 -0.007797   \n",
       "Destination    -0.212843   0.090537 -0.000167     1.000000  0.004248   \n",
       "Age            -0.120503  -0.062649 -0.007797     0.004248  1.000000   \n",
       "VIP            -0.053798  -0.050223  0.001420     0.027978  0.070953   \n",
       "RoomService     0.178878  -0.226037 -0.003791    -0.044733  0.068723   \n",
       "FoodCourt      -0.279357  -0.191130 -0.009717     0.110659  0.130421   \n",
       "ShoppingMall    0.077910  -0.190339  0.019949    -0.022977  0.033133   \n",
       "Spa            -0.203228  -0.182918 -0.009816     0.053614  0.123970   \n",
       "VRDeck         -0.228913  -0.179129  0.015029     0.073654  0.101007   \n",
       "Transported    -0.094689   0.424362  0.021866     0.104817 -0.075026   \n",
       "\n",
       "                   VIP  RoomService  FoodCourt  ShoppingMall       Spa  \\\n",
       "HomePlanet   -0.053798     0.178878  -0.279357      0.077910 -0.203228   \n",
       "CryoSleep    -0.050223    -0.226037  -0.191130     -0.190339 -0.182918   \n",
       "Cabin         0.001420    -0.003791  -0.009717      0.019949 -0.009816   \n",
       "Destination   0.027978    -0.044733   0.110659     -0.022977  0.053614   \n",
       "Age           0.070953     0.068723   0.130421      0.033133  0.123970   \n",
       "VIP           1.000000     0.029853   0.089942      0.027081  0.048117   \n",
       "RoomService   0.029853     1.000000  -0.015889      0.054480  0.010080   \n",
       "FoodCourt     0.089942    -0.015889   1.000000     -0.014228  0.221891   \n",
       "ShoppingMall  0.027081     0.054480  -0.014228      1.000000  0.013879   \n",
       "Spa           0.048117     0.010080   0.221891      0.013879  1.000000   \n",
       "VRDeck        0.087033    -0.019581   0.227995     -0.007322  0.153821   \n",
       "Transported  -0.027802    -0.244611   0.046566      0.010141 -0.221131   \n",
       "\n",
       "                VRDeck  Transported  \n",
       "HomePlanet   -0.228913    -0.094689  \n",
       "CryoSleep    -0.179129     0.424362  \n",
       "Cabin         0.015029     0.021866  \n",
       "Destination   0.073654     0.104817  \n",
       "Age           0.101007    -0.075026  \n",
       "VIP           0.087033    -0.027802  \n",
       "RoomService  -0.019581    -0.244611  \n",
       "FoodCourt     0.227995     0.046566  \n",
       "ShoppingMall -0.007322     0.010141  \n",
       "Spa           0.153821    -0.221131  \n",
       "VRDeck        1.000000    -0.207075  \n",
       "Transported  -0.207075     1.000000  "
      ]
     },
     "execution_count": 12,
     "metadata": {},
     "output_type": "execute_result"
    }
   ],
   "source": [
    "train = pd.read_csv(\"/storage/home/ndh5286/Fun Projects/Spaceship Titanic/train.csv\")\n",
    "test = pd.read_csv(\"/storage/home/ndh5286/Fun Projects/Spaceship Titanic/test.csv\")\n",
    "\n",
    "#Replace the strings with respective numbers\n",
    "train['HomePlanet'] = pd.factorize(train['HomePlanet'])[0]\n",
    "train['CryoSleep'] = pd.factorize(train['CryoSleep'])[0]\n",
    "train['Cabin'] = pd.factorize(train['Cabin'])[0]\n",
    "train['Destination'] = pd.factorize(train['Destination'])[0]\n",
    "train['VIP'] = pd.factorize(train['VIP'])[0]\n",
    "\n",
    "test['HomePlanet'] = pd.factorize(test['HomePlanet'])[0]\n",
    "test['CryoSleep'] = pd.factorize(test['CryoSleep'])[0]\n",
    "test['Cabin'] = pd.factorize(test['Cabin'])[0]\n",
    "test['Destination'] = pd.factorize(test['Destination'])[0]\n",
    "test['VIP'] = pd.factorize(test['VIP'])[0]\n",
    "\n",
    "train.corr()"
   ]
  },
  {
   "cell_type": "code",
   "execution_count": 13,
   "id": "4e502f1b-ec8b-4c6d-90bd-76683e60daaf",
   "metadata": {},
   "outputs": [],
   "source": [
    "train = train.drop('ShoppingMall', axis = 1)   #Drop low correlated columns to prevent overfitting\n",
    "train = train.drop('Cabin', axis = 1)\n",
    "train = train.drop('VIP', axis = 1)\n",
    "train = train.drop('Name', axis = 1)\n",
    "train = train.drop('PassengerId', axis = 1)\n",
    "\n",
    "test = test.drop('ShoppingMall', axis = 1)   #Drop low correlated columns to prevent overfitting\n",
    "test = test.drop('Cabin', axis = 1)\n",
    "test = test.drop('VIP', axis = 1)\n",
    "test = test.drop('Name', axis = 1)\n",
    "PassengerId = test['PassengerId']\n",
    "test = test.drop('PassengerId', axis = 1)\n",
    "\n",
    "#Impute with mean\n",
    "train = train.fillna(train.mean())\n",
    "test = test.fillna(test.mean())\n",
    "\n",
    "#Assign dependent variable before scaling\n",
    "y_train = train.iloc[:, 1]"
   ]
  },
  {
   "cell_type": "code",
   "execution_count": 14,
   "id": "873a5f7d-588d-40f2-9194-b621ebfaa010",
   "metadata": {},
   "outputs": [],
   "source": [
    "#Initialize the StandardScaler on Train\n",
    "scaler = StandardScaler()\n",
    "scaler.fit(train)\n",
    "scaled_data = scaler.transform(train)\n",
    "train = pd.DataFrame(scaled_data, columns = train.columns)\n",
    "\n",
    "#Initialize the StandardScaler on Test\n",
    "scaler.fit(test)\n",
    "scaled_data = scaler.transform(test)\n",
    "test = pd.DataFrame(scaled_data, columns = test.columns)\n",
    "\n",
    "#Assign independent variables\n",
    "X_train = train.iloc[:, :-1]\n",
    "X_test = test"
   ]
  },
  {
   "cell_type": "code",
   "execution_count": 5,
   "id": "f17fd0ed-2bf4-4932-b20b-f43156d108c6",
   "metadata": {},
   "outputs": [],
   "source": [
    "#Creating a Logistic Regression model\n",
    "lr = LogisticRegression()\n",
    "\n",
    "#Training the model on the training data\n",
    "lr.fit(X_train, y_train)\n",
    "\n",
    "#Making predictions on the testing data\n",
    "y_pred = lr.predict(X_test)\n",
    "y_pred = pd.DataFrame(y_pred, columns = [\"Transported\"])"
   ]
  },
  {
   "cell_type": "code",
   "execution_count": 15,
   "id": "451b176b-b9c2-45c3-99e9-63778471b1c4",
   "metadata": {},
   "outputs": [],
   "source": [
    "result = PassengerId\n",
    "result = pd.concat([result, y_pred], axis=1)\n",
    "\n",
    "#Replace zeros with FALSE and ones with TRUE in the second column (B)\n",
    "result['Transported'] = result['Transported'].replace({1: False, 0: True})\n",
    "\n",
    "#Write DataFrame to a CSV file\n",
    "result.to_csv('result.csv', index=False)"
   ]
  },
  {
   "cell_type": "code",
   "execution_count": 7,
   "id": "ac374d9e-2c7c-4a9e-a0a1-6541c8272dbe",
   "metadata": {},
   "outputs": [
    {
     "name": "stdout",
     "output_type": "stream",
     "text": [
      "0       0\n",
      "1       0\n",
      "2       0\n",
      "3       0\n",
      "4       0\n",
      "       ..\n",
      "8688    0\n",
      "8689    1\n",
      "8690    0\n",
      "8691    0\n",
      "8692    0\n",
      "Name: CryoSleep, Length: 8693, dtype: int64\n"
     ]
    }
   ],
   "source": [
    "print(y_train)"
   ]
  },
  {
   "cell_type": "code",
   "execution_count": 29,
   "id": "26854501-2a84-49f4-91c3-b54e20fb47bf",
   "metadata": {},
   "outputs": [
    {
     "name": "stdout",
     "output_type": "stream",
     "text": [
      "     PassengerId  Transported\n",
      "0        0013_01         True\n",
      "1        0018_01        False\n",
      "2        0019_01         True\n",
      "3        0021_01        False\n",
      "4        0023_01        False\n",
      "...          ...          ...\n",
      "4272     9266_02         True\n",
      "4273     9269_01        False\n",
      "4274     9271_01         True\n",
      "4275     9273_01        False\n",
      "4276     9277_01         True\n",
      "\n",
      "[4277 rows x 2 columns]\n"
     ]
    }
   ],
   "source": [
    "#Necessary for whatever reason\n",
    "le = LabelEncoder()\n",
    "y_train = le.fit_transform(y_train)\n",
    "\n",
    "xgb_model = xgb.XGBClassifier()\n",
    "\n",
    "xgb_model.fit(X_train, y_train)\n",
    "\n",
    "# Predict on the test set\n",
    "y_pred = xgb_model.predict(X_test)\n",
    "y_pred = pd.DataFrame(y_pred, columns = [\"Transported\"])\n",
    "\n",
    "result = PassengerId\n",
    "result = pd.concat([result, y_pred], axis=1)\n",
    "result['Transported'] = result['Transported'].replace({1: False, 0: True})\n",
    "\n",
    "#Replace zeros with FALSE and ones with TRUE in the second column (B)\n",
    "#result['Transported'] = result['Transported'].replace({0: False, 1: True})\n",
    "print(result)\n",
    "\n",
    "#Write DataFrame to a CSV file\n",
    "result.to_csv('result_xgb.csv', index=False)"
   ]
  },
  {
   "cell_type": "code",
   "execution_count": 26,
   "id": "b87384ab-30e0-4275-8b28-2d748fe78af3",
   "metadata": {},
   "outputs": [
    {
     "name": "stdout",
     "output_type": "stream",
     "text": [
      "[1. 1. 1. 1. 1. 1. 1. 1. 1. 1.]\n"
     ]
    }
   ],
   "source": []
  },
  {
   "cell_type": "code",
   "execution_count": null,
   "id": "2ec3d947-224f-473c-9e5f-c1396ea27a5a",
   "metadata": {},
   "outputs": [],
   "source": []
  }
 ],
 "metadata": {
  "kernelspec": {
   "display_name": "Python 3",
   "language": "python",
   "name": "python3"
  },
  "language_info": {
   "codemirror_mode": {
    "name": "ipython",
    "version": 3
   },
   "file_extension": ".py",
   "mimetype": "text/x-python",
   "name": "python",
   "nbconvert_exporter": "python",
   "pygments_lexer": "ipython3",
   "version": "3.8.8"
  }
 },
 "nbformat": 4,
 "nbformat_minor": 5
}
